                 FTHG      FTAG       HST       AST        HC        AC  \
FTHG         1.000000 -0.061325  0.394642 -0.098549  0.062896 -0.085317   
FTAG        -0.061325  1.000000 -0.089886  0.412256 -0.071084  0.056146   
HST          0.394642 -0.089886  1.000000 -0.055358  0.385129 -0.196128   
AST         -0.098549  0.412256 -0.055358  1.000000 -0.198305  0.383143   
HC           0.062896 -0.071084  0.385129 -0.198305  1.000000 -0.233287   
AC          -0.085317  0.056146 -0.196128  0.383143 -0.233287  1.000000   
HR          -0.115316  0.122768 -0.105610  0.088712 -0.073198  0.086852   
AR           0.083890 -0.084471  0.050856 -0.101597  0.031749 -0.058157   
rating_home -0.017845 -0.008776  0.049721  0.077906  0.019199 -0.003142   
rating_away -0.034656  0.024326  0.033848  0.064403 -0.042088  0.040078   
5HW          0.167815 -0.105803  0.159366 -0.149852  0.131123 -0.134706   
5AW         -0.116268  0.146879 -0.151755  0.148901 -0.146520  0.118912   
5HD         -0.025772 -0.010595 -0.032466  0.026964 -0.011056  0.011652   
5AD          0.013527 -0.054204  0.039152 -0.009033  0.021334 -0.021310   
5HL         -0.134849  0.103728 -0.134544  0.106665 -0.108869  0.101233   
5AL          0.093663 -0.105666  0.074180 -0.140045  0.119065 -0.108657   
5FTHGS       0.186061 -0.088257  0.186194 -0.119001  0.124558 -0.117698   
5FTHGC      -0.119988  0.102200 -0.091697  0.122581 -0.084517  0.081107   
5FTAGS      -0.116599  0.155560 -0.145100  0.159397 -0.132320  0.117265   
5FTAGC       0.064448 -0.082763  0.078427 -0.101078  0.117581 -0.103659   
5HST         0.193137 -0.076727  0.379683  0.034857  0.128708 -0.108398   
5AST        -0.104782  0.157851  0.012047  0.359363 -0.120651  0.149040   
5HC          0.143635 -0.080044  0.177101 -0.089498  0.120597 -0.096866   
5AC         -0.088892  0.108919 -0.132598  0.174483 -0.136795  0.126563   
5HR         -0.018458  0.029912 -0.003296 -0.014200 -0.003501 -0.031510   
5AR          0.005957 -0.029854 -0.027166 -0.008196 -0.021371 -0.007986   
H2H5FTHGS    0.277988 -0.101451  0.209974 -0.101530  0.138425 -0.122409   
H2H5FTAGS   -0.094011  0.262976 -0.125473  0.205978 -0.129987  0.097524   
H2H5FTHGC   -0.094011  0.262976 -0.125473  0.205978 -0.129987  0.097524   
H2H5FTAGC    0.277988 -0.101451  0.209974 -0.101530  0.138425 -0.122409   
H2H5HST      0.148811 -0.085211  0.280297 -0.075886  0.155551 -0.104555   
H2H5AST     -0.098134  0.163120 -0.098449  0.310883 -0.148793  0.153349   
H2H5HC       0.113363 -0.089607  0.187689 -0.112613  0.205429 -0.112994   
H2H5AC      -0.089838  0.100964 -0.098090  0.217327 -0.113490  0.229772   
H2H5HR      -0.032336  0.013682 -0.035060  0.052235 -0.057654  0.042415   
H2H5AR       0.019196 -0.006732  0.007343 -0.004952 -0.004283  0.022228   

                   HR        AR  rating_home  rating_away    ...     \
FTHG        -0.115316  0.083890    -0.017845    -0.034656    ...      
FTAG         0.122768 -0.084471    -0.008776     0.024326    ...      
HST         -0.105610  0.050856     0.049721     0.033848    ...      
AST          0.088712 -0.101597     0.077906     0.064403    ...      
HC          -0.073198  0.031749     0.019199    -0.042088    ...      
AC           0.086852 -0.058157    -0.003142     0.040078    ...      
HR           1.000000  0.066791    -0.011616     0.028761    ...      
AR           0.066791  1.000000    -0.007038     0.001068    ...      
rating_home -0.011616 -0.007038     1.000000     0.058941    ...      
rating_away  0.028761  0.001068     0.058941     1.000000    ...      
5HW         -0.008116  0.001295    -0.078040    -0.091145    ...      
5AW          0.057782 -0.008395    -0.056375    -0.010878    ...      
5HD          0.005495  0.008330     0.048434     0.029669    ...      
5AD         -0.013614  0.006078     0.004191     0.050331    ...      
5HL          0.005093 -0.003159     0.012972     0.037779    ...      
5AL         -0.035977  0.007803     0.038698    -0.050198    ...      
5FTHGS       0.000603 -0.001190    -0.083999    -0.065128    ...      
5FTHGC      -0.005002  0.003311     0.009781     0.037269    ...      
5FTAGS       0.073109 -0.002857    -0.048153    -0.024751    ...      
5FTAGC      -0.001136  0.000230     0.055697    -0.025672    ...      
5HST        -0.006647  0.005362    -0.017697    -0.005857    ...      
5AST         0.064363 -0.010928     0.041366     0.030326    ...      
5HC         -0.023415  0.009658    -0.053381    -0.079872    ...      
5AC          0.056438  0.005901    -0.035897    -0.021752    ...      
5HR          0.004268 -0.001585     0.007977    -0.016436    ...      
5AR         -0.009082  0.024091     0.012504    -0.013113    ...      
H2H5FTHGS   -0.008564  0.023729    -0.002782    -0.008282    ...      
H2H5FTAGS    0.014207 -0.004870     0.013098    -0.002518    ...      
H2H5FTHGC    0.014207 -0.004870     0.013098    -0.002518    ...      
H2H5FTAGC   -0.008564  0.023729    -0.002782    -0.008282    ...      
H2H5HST     -0.011985  0.022251    -0.038253    -0.028432    ...      
H2H5AST      0.022722 -0.017658     0.014200     0.005972    ...      
H2H5HC      -0.024006  0.010429    -0.014501    -0.025938    ...      
H2H5AC       0.033589 -0.018503     0.008831     0.025593    ...      
H2H5HR       0.130530  0.064294    -0.002169    -0.012751    ...      
H2H5AR       0.049338  0.228373    -0.012793    -0.005655    ...      

             H2H5FTHGS  H2H5FTAGS  H2H5FTHGC  H2H5FTAGC   H2H5HST   H2H5AST  \
FTHG          0.277988  -0.094011  -0.094011   0.277988  0.148811 -0.098134   
FTAG         -0.101451   0.262976   0.262976  -0.101451 -0.085211  0.163120   
HST           0.209974  -0.125473  -0.125473   0.209974  0.280297 -0.098449   
AST          -0.101530   0.205978   0.205978  -0.101530 -0.075886  0.310883   
HC            0.138425  -0.129987  -0.129987   0.138425  0.155551 -0.148793   
AC           -0.122409   0.097524   0.097524  -0.122409 -0.104555  0.153349   
HR           -0.008564   0.014207   0.014207  -0.008564 -0.011985  0.022722   
AR            0.023729  -0.004870  -0.004870   0.023729  0.022251 -0.017658   
rating_home  -0.002782   0.013098   0.013098  -0.002782 -0.038253  0.014200   
rating_away  -0.008282  -0.002518  -0.002518  -0.008282 -0.028432  0.005972   
5HW           0.245134  -0.034684  -0.034684   0.245134  0.232605 -0.037669   
5AW          -0.046770   0.239810   0.239810  -0.046770 -0.022399  0.232857   
5HD          -0.013950   0.033872   0.033872  -0.013950 -0.029369  0.025625   
5AD           0.018023  -0.033248  -0.033248   0.018023  0.038855 -0.021869   
5HL          -0.219203   0.040224   0.040224  -0.219203 -0.167099  0.056469   
5AL           0.042304  -0.184048  -0.184048   0.042304  0.018636 -0.180792   
5FTHGS        0.234019  -0.048425  -0.048425   0.234019  0.225400 -0.041449   
5FTHGC       -0.191715   0.047063   0.047063  -0.191715 -0.123578  0.034506   
5FTAGS       -0.056453   0.202408   0.202408  -0.056453 -0.021868  0.236872   
5FTAGC        0.047879  -0.134959  -0.134959   0.047879  0.035773 -0.113441   
5HST          0.240077  -0.022459  -0.022459   0.240077  0.268299  0.008620   
5AST         -0.017829   0.226329   0.226329  -0.017829  0.034218  0.278077   
5HC           0.185082  -0.016918  -0.016918   0.185082  0.193984 -0.006846   
5AC          -0.041179   0.195845   0.195845  -0.041179 -0.023586  0.204505   
5HR          -0.015080   0.057162   0.057162  -0.015080 -0.003775  0.017028   
5AR           0.045997   0.034461   0.034461   0.045997  0.012205  0.008574   
H2H5FTHGS     1.000000   0.114930   0.114930   1.000000  0.672460  0.218859   
H2H5FTAGS     0.114930   1.000000   1.000000   0.114930  0.189989  0.637386   
H2H5FTHGC     0.114930   1.000000   1.000000   0.114930  0.189989  0.637386   
H2H5FTAGC     1.000000   0.114930   0.114930   1.000000  0.672460  0.218859   
H2H5HST       0.672460   0.189989   0.189989   0.672460  1.000000  0.378104   
H2H5AST       0.218859   0.637386   0.637386   0.218859  0.378104  1.000000   
H2H5HC        0.505809   0.215426   0.215426   0.505809  0.743720  0.299264   
H2H5AC        0.233577   0.453818   0.453818   0.233577  0.333574  0.721826   
H2H5HR       -0.026560   0.161213   0.161213  -0.026560  0.002589  0.188255   
H2H5AR        0.178386   0.016177   0.016177   0.178386  0.167001  0.068874   

               H2H5HC    H2H5AC    H2H5HR    H2H5AR  
FTHG         0.113363 -0.089838 -0.032336  0.019196  
FTAG        -0.089607  0.100964  0.013682 -0.006732  
HST          0.187689 -0.098090 -0.035060  0.007343  
AST         -0.112613  0.217327  0.052235 -0.004952  
HC           0.205429 -0.113490 -0.057654 -0.004283  
AC          -0.112994  0.229772  0.042415  0.022228  
HR          -0.024006  0.033589  0.130530  0.049338  
AR           0.010429 -0.018503  0.064294  0.228373  
rating_home -0.014501  0.008831 -0.002169 -0.012793  
rating_away -0.025938  0.025593 -0.012751 -0.005655  
5HW          0.201349 -0.007932  0.002198  0.034323  
5AW          0.003460  0.202668  0.052700 -0.002444  
5HD         -0.006253  0.024545  0.012053 -0.003253  
5AD          0.037890 -0.012143  0.002259  0.006395  
5HL         -0.156729  0.026512 -0.005904 -0.031986  
5AL         -0.006938 -0.168772 -0.056227  0.006243  
5FTHGS       0.202599 -0.015481 -0.001674  0.018419  
5FTHGC      -0.129117 -0.002040 -0.010732 -0.031793  
5FTAGS       0.014976  0.205932  0.066572  0.010003  
5FTAGC       0.023381 -0.119049 -0.026945 -0.002618  
5HST         0.222274  0.010540  0.001876  0.039592  
5AST         0.016193  0.222930  0.070434  0.036708  
5HC          0.181232 -0.004600  0.020571  0.030904  
5AC         -0.028378  0.178428  0.054967  0.012817  
5HR          0.011845  0.012998  0.007655  0.006696  
5AR          0.007204  0.000760  0.003930  0.016010  
H2H5FTHGS    0.505809  0.233577 -0.026560  0.178386  
H2H5FTAGS    0.215426  0.453818  0.161213  0.016177  
H2H5FTHGC    0.215426  0.453818  0.161213  0.016177  
H2H5FTAGC    0.505809  0.233577 -0.026560  0.178386  
H2H5HST      0.743720  0.333574  0.002589  0.167001  
H2H5AST      0.299264  0.721826  0.188255  0.068874  
H2H5HC       1.000000  0.313175  0.012574  0.141572  
H2H5AC       0.313175  1.000000  0.195774  0.104006  
H2H5HR       0.012574  0.195774  1.000000  0.159569  
H2H5AR       0.141572  0.104006  0.159569  1.000000  

[36 rows x 36 columns]